1,1,122.61,335.4,134.45999999999998,58.59000000000003,1,1,1.0
1,2,209.82,249.67,94.37,41.81000000000003,1,1,1.0
1,3,735.56,268.03,71.23000000000002,36.82000000000005,1,1,1.0
2,1,98.52,338.43,134.82999999999998,58.589999999999975,1,1,1.0
2,2,209.82,249.67,94.37,41.859999999999985,1,1,1.0
2,3,722.35,269.99,71.24000000000001,36.829999999999984,1,1,1.0
3,1,74.44,341.46,135.19,58.60000000000002,1,1,1.0
3,2,209.82,249.67,94.37,41.900000000000006,1,1,1.0
3,3,709.15,271.95,71.24000000000001,36.829999999999984,1,1,1.0
4,1,50.35,344.5,135.57,58.589999999999975,1,1,1.0
4,2,209.82,249.67,94.37,41.95000000000002,1,1,1.0
4,3,695.95,273.92,71.24000000000001,36.81999999999999,1,1,1.0
5,1,26.27,347.53,135.92999999999998,58.59000000000003,1,1,1.0
5,2,209.82,249.67,94.37,41.99000000000004,1,1,1.0
5,3,682.75,275.88,71.23000000000002,36.81999999999999,1,1,1.0
6,1,19.7,350.74,121.61999999999999,58.589999999999975,1,1,1.0
6,2,209.82,249.68,94.37,42.01999999999998,1,1,1.0
6,3,667.94,277.66,72.11999999999989,37.71999999999997,1,1,1.0
7,1,13.13,353.95,107.31,58.59000000000003,1,1,1.0
7,2,209.82,249.68,94.37,42.06999999999999,1,1,1.0
7,3,653.13,279.44,73.00999999999999,38.610000000000014,1,1,1.0
8,1,6.57,357.16,92.99000000000001,58.599999999999966,1,1,1.0
8,2,209.82,249.68,94.37,42.110000000000014,1,1,1.0
8,3,638.32,281.22,73.88999999999999,39.50999999999999,1,1,1.0
9,1,0.0,360.37,78.69,58.60000000000002,1,1,1.0
9,2,209.82,249.68,94.37,42.14999999999998,1,1,1.0
9,3,623.51,283.0,74.77999999999997,40.410000000000025,1,1,1.0
10,1,0.0,360.37,55.29,58.60000000000002,1,1,1.0
10,2,209.82,249.68,94.37,42.19999999999999,1,1,1.0
10,3,608.23,283.0,74.76999999999998,40.410000000000025,1,1,1.0
11,1,0.0,360.37,31.9,58.60000000000002,1,1,1.0
11,2,209.82,249.68,94.37,42.24000000000001,1,1,1.0
11,3,592.94,283.0,74.76999999999998,40.410000000000025,1,1,1.0
12,2,209.82,249.68,94.37,42.27999999999997,1,1,1.0
12,3,577.74,287.61,83.05999999999995,40.39999999999998,1,1,1.0
13,2,209.82,249.68,94.37,42.329999999999984,1,1,1.0
13,3,559.85,290.32,85.20999999999992,41.55000000000001,1,1,1.0
14,2,209.82,249.68,94.37,42.370000000000005,1,1,1.0
14,3,541.96,293.03,87.34999999999991,42.690000000000055,1,1,1.0
15,2,209.82,249.68,94.37,42.420000000000016,1,1,1.0
15,3,524.08,295.75,89.49000000000001,43.829999999999984,1,1,1.0
16,2,209.82,249.68,94.37,42.45999999999998,1,1,1.0
16,3,506.19,298.46,91.63000000000005,44.97000000000003,1,1,1.0
17,2,209.82,249.68,94.37,42.5,1,1,1.0
17,3,488.3,301.17,93.78000000000003,46.10999999999996,1,1,1.0
18,2,209.82,249.68,94.37,42.55000000000001,1,1,1.0
18,3,470.41,303.88,95.92000000000002,47.25999999999999,1,1,1.0
19,2,209.82,249.68,94.37,42.589999999999975,1,1,1.0
19,3,452.52,306.6,98.07000000000005,48.389999999999986,1,1,1.0
20,2,209.82,249.68,94.37,42.629999999999995,1,1,1.0
20,3,434.63,309.31,100.21000000000004,49.52999999999997,1,1,1.0
21,2,209.82,249.68,94.37,42.68000000000001,1,1,1.0
21,3,416.75,312.02,102.35000000000002,50.68000000000001,1,1,1.0
22,2,209.82,249.68,94.37,42.71999999999997,1,1,1.0
22,3,398.86,314.74,104.49000000000001,51.81,1,1,1.0
23,2,209.82,249.68,94.37,42.75999999999999,1,1,1.0
23,3,380.97,317.45,106.63999999999999,52.94999999999999,1,1,1.0
24,2,209.82,249.68,94.37,42.81,1,1,1.0
24,3,363.08,320.16,108.78000000000003,54.099999999999966,1,1,1.0
25,2,209.82,249.68,94.37,42.849999999999966,1,1,1.0
25,3,345.19,322.87,110.93,55.24000000000001,1,1,1.0
26,2,209.82,249.68,94.37,42.89999999999998,1,1,1.0
26,3,327.3,325.59,113.07,56.370000000000005,1,1,1.0
27,2,209.82,249.68,94.37,42.94,1,1,1.0
27,3,309.42,328.3,115.20999999999998,57.51999999999998,1,1,1.0
28,2,209.82,249.68,94.37,42.98000000000002,1,1,1.0
28,3,287.29,331.77,117.75999999999999,58.03000000000003,1,1,1.0
29,2,209.82,249.68,94.37,43.02999999999997,1,1,1.0
29,3,265.17,335.23,120.31,58.549999999999955,1,1,1.0
30,2,209.82,249.68,94.37,43.06999999999999,1,1,1.0
30,3,243.05,338.7,122.84999999999997,59.06999999999999,1,1,1.0
31,2,209.82,249.68,94.37,43.110000000000014,1,1,1.0
31,3,220.93,342.17,125.39999999999998,59.579999999999984,1,1,1.0
32,2,209.82,249.68,94.37,43.15999999999997,1,1,1.0
32,3,198.8,345.63,127.94999999999999,60.10000000000002,1,1,1.0
33,2,209.82,249.68,94.37,43.19999999999999,1,1,1.0
33,3,176.68,349.1,130.5,60.620000000000005,1,1,1.0
34,2,209.82,249.68,94.37,43.24000000000001,1,1,1.0
34,3,154.56,352.56,133.04000000000002,61.139999999999986,1,1,1.0
35,2,209.82,249.68,94.37,43.29000000000002,1,1,1.0
35,3,130.64,357.08,134.59000000000003,63.29000000000002,1,1,1.0
36,2,209.82,249.68,94.37,43.329999999999984,1,1,1.0
36,3,106.72,361.6,136.15,65.42999999999995,1,1,1.0
37,2,209.82,249.68,94.37,43.370000000000005,1,1,1.0
37,3,82.8,366.12,137.7,67.57999999999998,1,1,1.0
38,2,209.82,249.68,94.37,43.420000000000016,1,1,1.0
38,3,84.12,370.64,114.00999999999999,65.43,1,1,1.0
39,2,209.82,249.68,94.37,43.45999999999998,1,1,1.0
39,3,85.44,375.16,90.33000000000001,63.27999999999997,1,1,1.0
40,2,209.82,249.68,94.37,43.50999999999999,1,1,1.0
40,3,86.76,379.68,66.64,61.139999999999986,1,1,1.0
41,2,209.82,249.68,94.37,43.55000000000001,1,1,1.0
41,3,86.76,386.09,42.739999999999995,54.73000000000002,1,1,1.0
42,2,209.82,249.68,94.37,43.589999999999975,1,1,1.0
42,3,86.76,392.5,18.83999999999999,48.31999999999999,1,1,1.0
43,2,209.82,249.68,94.37,43.639999999999986,1,1,1.0
44,2,209.82,249.68,94.37,43.68000000000001,1,1,1.0
45,2,209.82,249.68,94.37,43.71999999999997,1,1,1.0
46,2,209.82,249.68,94.37,43.76999999999998,1,1,1.0
47,2,209.82,249.68,94.37,43.81,1,1,1.0
48,2,209.82,249.68,94.37,43.849999999999966,1,1,1.0
49,2,209.82,249.68,94.37,43.89999999999998,1,1,1.0
50,2,209.82,249.68,94.37,43.94,1,1,1.0
51,2,209.82,249.68,94.37,43.99000000000001,1,1,1.0
52,2,209.82,249.68,94.37,44.02999999999997,1,1,1.0
53,2,209.82,249.68,94.37,44.06999999999999,1,1,1.0
54,2,209.82,249.68,94.37,44.120000000000005,1,1,1.0
55,2,209.82,249.68,94.37,44.15999999999997,1,1,1.0
55,4,935.13,226.72,24.870000000000005,61.869999999999976,1,1,1.0
56,2,209.82,249.68,94.37,44.19999999999999,1,1,1.0
56,4,929.91,226.72,29.960000000000036,63.66,1,1,1.0
57,2,209.82,249.68,94.37,44.25,1,1,1.0
57,4,924.68,226.71,35.05000000000007,65.45000000000002,1,1,1.0
58,2,209.82,249.68,94.37,44.29000000000002,1,1,1.0
58,4,919.45,226.71,40.14999999999998,67.23999999999998,1,1,1.0
59,2,209.82,249.68,94.37,44.329999999999984,1,1,1.0
59,4,914.22,226.71,45.25,69.03,1,1,1.0
60,2,209.82,249.68,94.37,44.379999999999995,1,1,1.0
60,4,908.99,226.7,50.34000000000003,70.82999999999998,1,1,1.0
61,2,209.82,249.68,94.37,44.420000000000016,1,1,1.0
61,4,903.76,226.7,55.440000000000055,72.62,1,1,1.0
62,2,209.82,249.68,94.37,44.45999999999998,1,1,1.0
62,4,897.85,228.08,61.35000000000002,71.23999999999998,1,1,1.0
63,2,209.82,249.68,94.37,44.50999999999999,1,1,1.0
63,4,891.94,229.47,67.25999999999999,69.85,1,1,1.0
64,2,209.82,249.68,94.37,44.55000000000001,1,1,1.0
64,4,886.03,230.85,73.17000000000007,68.47,1,1,1.0
65,2,209.82,249.68,94.37,44.599999999999966,1,1,1.0
65,4,880.12,232.23,79.08000000000004,67.09,1,1,1.0
66,2,209.82,249.68,94.37,44.639999999999986,1,1,1.0
66,4,874.21,233.62,84.99000000000001,65.69999999999999,1,1,1.0
67,2,209.82,249.68,94.37,44.68000000000001,1,1,1.0
67,4,868.3,235.0,90.90000000000009,64.32,1,1,1.0
68,2,209.82,249.68,94.37,44.73000000000002,1,1,1.0
68,4,861.18,234.8,98.12,66.99000000000001,1,1,1.0
69,2,209.82,249.68,94.37,44.76999999999998,1,1,1.0
69,4,854.06,234.6,105.34000000000003,69.66,1,1,1.0
70,2,209.82,249.68,94.37,44.81,1,1,1.0
70,4,846.94,234.4,112.55999999999995,72.34,1,1,1.0
71,2,209.82,249.68,94.37,44.860000000000014,1,1,1.0
71,4,839.81,234.2,119.79000000000008,75.00999999999999,1,1,1.0
72,2,209.82,249.68,94.37,44.89999999999998,1,1,1.0
72,4,832.69,234.0,127.00999999999999,77.68,1,1,1.0
73,2,209.82,249.68,94.37,44.94,1,1,1.0
73,4,825.57,233.8,134.2299999999999,80.34999999999997,1,1,1.0
74,2,209.82,249.68,94.37,44.99000000000001,1,1,1.0
74,4,818.45,233.6,141.44999999999993,83.03,1,1,1.0
75,2,209.82,249.68,94.37,45.02999999999997,1,1,1.0
75,4,811.33,233.4,148.66999999999996,85.70000000000002,1,1,1.0
76,2,209.82,249.68,94.37,45.079999999999984,1,1,1.0
76,4,804.01,234.34,153.75,86.53,1,1,1.0
77,2,209.82,249.68,94.37,45.120000000000005,1,1,1.0
77,4,796.7,235.29,158.80999999999995,87.35,1,1,1.0
78,2,209.82,249.68,94.37,45.15999999999997,1,1,1.0
78,4,789.39,236.23,163.88,88.18000000000004,1,1,1.0
79,2,209.82,249.68,94.37,45.20999999999998,1,1,1.0
79,4,782.07,237.17,168.95999999999992,89.01000000000002,1,1,1.0
80,2,209.82,249.68,94.37,45.25,1,1,1.0
80,4,774.76,238.11,174.02999999999997,89.83999999999997,1,1,1.0
81,2,209.82,249.68,94.37,45.29000000000002,1,1,1.0
81,4,767.45,239.06,179.08999999999992,90.66000000000003,1,1,1.0
82,2,209.82,249.68,94.37,45.339999999999975,1,1,1.0
82,4,760.13,240.0,184.16999999999996,91.49000000000001,1,1,1.0
82,5,741.56,261.01,27.040000000000077,27.370000000000005,1,1,1.0
83,2,209.82,249.68,94.37,45.379999999999995,1,1,1.0
83,4,751.45,240.8,185.8499999999999,92.43,1,1,1.0
83,5,730.97,261.73,28.299999999999955,27.359999999999957,1,1,1.0
84,2,209.82,249.68,94.37,45.420000000000016,1,1,1.0
84,4,742.77,241.6,187.52999999999997,93.37000000000003,1,1,1.0
84,5,720.38,262.44,29.549999999999955,27.370000000000005,1,1,1.0
85,2,209.82,249.68,94.37,45.46999999999997,1,1,1.0
85,4,734.09,242.4,189.20999999999992,94.30999999999997,1,1,1.0
85,5,709.79,263.16,30.81000000000006,27.359999999999957,1,1,1.0
86,2,209.82,249.68,94.37,45.50999999999999,1,1,1.0
86,4,725.41,243.2,190.89,95.25999999999999,1,1,1.0
86,5,699.2,263.87,44.40999999999997,27.360000000000014,1,1,1.0
87,2,209.82,249.68,94.37,45.55000000000001,1,1,1.0
87,4,716.73,244.0,192.56999999999994,96.19999999999999,1,1,1.0
87,5,688.62,264.58,58.0,27.370000000000005,1,1,1.0
88,2,209.82,249.68,94.37,45.599999999999966,1,1,1.0
88,4,706.14,245.18,195.52999999999997,97.37,1,1,1.0
88,5,676.56,264.86,35.1400000000001,27.71999999999997,1,1,1.0
89,2,209.82,249.68,94.37,45.639999999999986,1,1,1.0
89,4,695.54,246.36,198.51,98.55000000000001,1,1,1.0
89,5,664.51,265.14,36.82000000000005,28.08000000000004,1,1,1.0
90,2,209.82,249.68,94.37,45.69,1,1,1.0
90,4,684.94,247.53,201.4799999999999,99.72999999999999,1,1,1.0
90,5,652.46,265.42,38.49000000000001,28.430000000000007,1,1,1.0
91,2,209.82,249.68,94.37,45.73000000000002,1,1,1.0
91,4,674.35,248.71,204.43999999999994,100.91,1,1,1.0
91,5,640.41,265.7,40.17000000000007,28.78000000000003,1,1,1.0
92,2,209.82,249.68,94.37,45.76999999999998,1,1,1.0
92,4,663.75,249.89,207.41999999999996,102.08000000000004,1,1,1.0
92,5,628.35,265.98,41.85000000000002,29.139999999999986,1,1,1.0
93,2,209.82,249.68,94.37,45.81999999999999,1,1,1.0
93,4,653.15,251.07,210.39,103.25999999999999,1,1,1.0
93,5,615.96,266.43,45.43999999999994,29.5,1,1,1.0
94,2,209.82,249.68,94.37,45.860000000000014,1,1,1.0
94,4,642.56,252.24,213.35000000000002,104.44,1,1,1.0
94,5,603.56,266.88,49.04000000000008,29.850000000000023,1,1,1.0
95,2,209.82,249.68,94.37,45.89999999999998,1,1,1.0
95,4,631.96,253.42,216.32999999999993,105.62000000000003,1,1,1.0
95,5,591.85,266.99,47.64999999999998,30.19999999999999,1,1,1.0
96,2,209.82,249.68,94.37,45.94999999999999,1,1,1.0
96,4,621.36,254.6,219.29999999999995,106.78999999999999,1,1,1.0
96,5,580.14,267.1,79.65999999999997,30.560000000000002,1,1,1.0
97,2,209.82,249.68,94.37,45.99000000000001,1,1,1.0
97,4,607.86,256.14,224.44999999999993,108.90000000000003,1,1,1.0
97,5,566.66,267.79,64.94000000000005,30.849999999999966,1,1,1.0
98,2,209.82,249.68,94.37,46.02999999999997,1,1,1.0
98,4,594.36,257.68,229.59000000000003,111.01999999999998,1,1,1.0
98,5,553.17,268.48,50.23000000000002,31.149999999999977,1,1,1.0
99,2,209.82,249.68,94.37,46.079999999999984,1,1,1.0
99,4,580.86,259.23,234.74,113.12,1,1,1.0
99,5,539.68,269.16,51.60000000000002,31.45999999999998,1,1,1.0
100,2,209.82,249.68,94.37,46.120000000000005,1,1,1.0
100,4,567.36,260.77,239.88,115.23000000000002,1,1,1.0
100,5,526.2,269.85,52.95999999999992,31.75,1,1,1.0
101,2,209.82,249.68,94.37,46.170000000000016,1,1,1.0
101,4,553.86,262.31,245.01999999999998,117.33999999999997,1,1,1.0
101,5,512.71,270.54,54.32999999999993,32.049999999999955,1,1,1.0
102,2,209.82,249.68,94.37,46.20999999999998,1,1,1.0
102,4,540.36,263.85,250.16999999999996,119.45999999999998,1,1,1.0
102,5,499.23,271.23,55.68999999999994,32.349999999999966,1,1,1.0
103,2,209.82,249.68,94.37,46.25,1,1,1.0
103,4,526.86,265.39,255.30999999999995,121.57,1,1,1.0
103,5,485.74,271.92,57.059999999999945,32.639999999999986,1,1,1.0
104,2,209.82,249.68,94.37,46.30000000000001,1,1,1.0
104,4,513.36,266.93,260.46000000000004,123.68,1,1,1.0
104,5,472.25,272.6,65.45000000000005,32.94999999999999,1,1,1.0
105,2,209.82,249.68,94.37,46.339999999999975,1,1,1.0
105,4,499.86,268.48,265.6,125.77999999999997,1,1,1.0
105,5,458.77,273.29,73.83000000000004,33.25,1,1,1.0
105,6,698.08,255.97,69.27999999999997,10.630000000000024,1,1,1.0
106,2,209.82,249.68,94.37,46.379999999999995,1,1,1.0
106,4,486.36,270.02,270.75,127.89000000000004,1,1,1.0
106,5,445.28,273.98,82.22000000000003,33.549999999999955,1,1,1.0
106,6,683.48,256.16,72.18999999999994,12.919999999999959,1,1,1.0
107,2,209.82,249.68,94.37,46.43000000000001,1,1,1.0
107,4,472.86,271.56,275.89,130.01,1,1,1.0
107,5,431.79,274.67,90.60999999999996,33.839999999999975,1,1,1.0
107,6,668.88,256.36,75.09000000000003,15.189999999999998,1,1,1.0
108,2,209.82,249.68,94.37,46.46999999999997,1,1,1.0
108,4,459.36,273.1,281.03999999999996,132.12,1,1,1.0
108,5,418.31,275.36,98.98999999999995,34.139999999999986,1,1,1.0
108,6,654.29,256.56,77.99000000000001,17.46999999999997,1,1,1.0
109,2,209.82,249.68,94.37,46.50999999999999,1,1,1.0
109,4,442.09,275.19,287.68,134.26999999999998,1,1,1.0
109,5,403.89,276.28,99.46000000000004,34.150000000000034,1,1,1.0
109,6,639.69,256.76,80.89999999999998,19.74000000000001,1,1,1.0
110,2,209.82,249.68,94.37,46.56,1,1,1.0
110,4,424.82,277.28,294.31,136.42000000000002,1,1,1.0
110,5,389.47,277.21,99.92999999999995,34.14000000000004,1,1,1.0
110,6,625.1,256.96,83.78999999999996,25.80000000000001,1,1,1.0
111,2,209.82,249.68,94.37,46.599999999999966,1,1,1.0
111,4,407.55,279.36,300.95,138.57999999999998,1,1,1.0
111,5,375.06,278.13,100.38999999999999,34.14999999999998,1,1,1.0
111,6,610.5,257.16,86.70000000000005,31.859999999999957,1,1,1.0
111,7,922.91,212.25,37.09000000000003,54.81999999999999,1,1,1.0
112,2,209.82,249.68,94.37,46.64999999999998,1,1,1.0
112,4,390.28,281.45,307.59000000000003,140.73000000000002,1,1,1.0
112,5,360.64,279.06,100.86000000000001,34.139999999999986,1,1,1.0
112,6,597.3,257.65,87.68000000000006,28.560000000000002,1,1,1.0
112,7,918.92,212.87,41.08000000000004,54.81999999999999,1,1,1.0
113,2,209.82,249.68,94.37,46.69,1,1,1.0
113,4,373.01,283.54,314.22,142.88,1,1,1.0
113,5,346.22,279.98,101.32999999999998,34.14999999999998,1,1,1.0
113,6,584.1,258.14,88.65999999999997,25.25999999999999,1,1,1.0
113,7,914.92,213.49,45.08000000000004,54.81999999999999,1,1,1.0
114,2,209.82,249.68,94.37,46.73000000000002,1,1,1.0
114,4,355.74,285.63,320.86,145.03000000000003,1,1,1.0
114,5,331.81,280.91,101.79000000000002,34.139999999999986,1,1,1.0
114,6,570.9,258.62,89.63999999999999,30.75,1,1,1.0
114,7,910.93,214.11,49.07000000000005,54.81999999999999,1,1,1.0
115,2,209.82,249.68,94.37,46.77999999999997,1,1,1.0
115,4,338.47,287.71,327.5,147.19,1,1,1.0
115,5,317.39,281.83,102.25999999999999,34.150000000000034,1,1,1.0
115,6,557.7,259.11,90.62,36.21999999999997,1,1,1.0
115,7,906.94,214.73,53.059999999999945,54.82000000000002,1,1,1.0
116,2,209.82,249.68,94.37,46.81999999999999,1,1,1.0
116,4,321.2,289.8,334.13000000000005,149.33999999999997,1,1,1.0
116,5,302.97,282.76,102.72999999999996,34.139999999999986,1,1,1.0
116,6,544.5,259.6,91.60000000000002,41.69999999999999,1,1,1.0
116,7,902.95,215.35,57.049999999999955,54.82000000000002,1,1,1.0
117,2,209.82,249.68,94.37,46.860000000000014,1,1,1.0
117,4,305.56,291.55,336.09999999999997,153.34999999999997,1,1,1.0
117,5,287.93,284.01,102.71999999999997,34.44,1,1,1.0
117,6,529.76,260.49,93.20000000000005,28.810000000000002,1,1,1.0
117,7,897.03,215.8,58.92000000000007,54.97999999999996,1,1,1.0
118,2,209.82,249.68,94.37,46.90999999999997,1,1,1.0
118,4,289.91,293.31,338.08,157.36,1,1,1.0
118,5,272.88,285.26,102.73000000000002,34.74000000000001,1,1,1.0
118,6,515.01,261.38,94.81000000000006,29.980000000000018,1,1,1.0
118,7,891.12,216.26,60.789999999999964,55.139999999999986,1,1,1.0
119,2,209.82,249.68,94.37,46.94999999999999,1,1,1.0
119,4,274.27,295.06,340.05000000000007,161.37,1,1,1.0
119,5,257.83,286.5,102.73000000000002,35.05000000000001,1,1,1.0
119,6,500.26,262.28,96.41999999999996,31.150000000000034,1,1,1.0
119,7,885.21,216.72,62.64999999999998,55.28999999999999,1,1,1.0
120,2,209.82,249.68,94.37,46.99000000000001,1,1,1.0
120,4,258.62,296.82,342.03,165.38,1,1,1.0
120,5,242.79,287.75,102.72999999999999,35.35000000000002,1,1,1.0
120,6,485.51,263.17,98.01999999999998,32.31999999999999,1,1,1.0
120,7,879.3,217.18,64.5200000000001,55.44,1,1,1.0
121,2,209.82,249.68,94.37,47.04000000000002,1,1,1.0
121,4,242.98,298.57,343.99,169.39,1,1,1.0
121,5,227.74,289.0,102.73000000000002,35.64999999999998,1,1,1.0
121,6,470.76,264.06,99.63,33.5,1,1,1.0
121,7,873.39,217.64,66.38,55.59000000000003,1,1,1.0
122,2,209.82,249.68,94.37,47.079999999999984,1,1,1.0
122,4,227.33,300.32,345.9699999999999,173.40000000000003,1,1,1.0
122,5,212.7,290.25,102.73000000000002,35.94999999999999,1,1,1.0
122,6,456.02,264.95,101.23000000000002,34.670000000000016,1,1,1.0
122,7,867.48,218.09,68.24000000000001,55.76000000000002,1,1,1.0
123,2,209.82,249.68,94.37,47.120000000000005,1,1,1.0
123,4,211.69,302.08,347.94,177.41000000000003,1,1,1.0
123,5,197.65,291.5,102.72999999999999,36.25,1,1,1.0
123,6,441.27,265.84,102.84000000000003,35.84000000000003,1,1,1.0
123,7,861.57,218.55,70.1099999999999,55.90999999999997,1,1,1.0
124,2,209.82,249.68,94.37,47.170000000000016,1,1,1.0
124,4,196.04,303.83,349.9200000000001,181.42000000000002,1,1,1.0
124,5,182.61,292.75,102.71999999999997,36.55000000000001,1,1,1.0
124,6,426.52,266.74,104.45000000000005,37.00999999999999,1,1,1.0
124,7,855.65,219.01,71.98000000000002,56.06,1,1,1.0
125,2,209.82,249.68,94.37,47.20999999999998,1,1,1.0
125,4,180.4,305.58,351.89,185.44,1,1,1.0
125,5,167.56,294.0,102.73000000000002,36.85000000000002,1,1,1.0
125,6,411.77,267.63,106.06000000000006,38.18000000000001,1,1,1.0
125,7,849.74,219.47,73.84000000000003,56.21000000000001,1,1,1.0
126,2,209.82,249.68,94.37,47.25999999999999,1,1,1.0
126,4,164.75,307.34,353.87,189.44,1,1,1.0
126,5,152.51,295.25,102.73000000000002,37.14999999999998,1,1,1.0
126,6,397.02,268.52,107.66000000000003,39.360000000000014,1,1,1.0
126,7,843.83,219.93,75.70999999999992,56.370000000000005,1,1,1.0
127,2,209.82,249.68,94.37,47.30000000000001,1,1,1.0
127,4,149.11,309.09,355.83,193.45000000000005,1,1,1.0
127,5,137.47,296.5,102.72999999999999,37.44999999999999,1,1,1.0
127,6,382.27,269.41,109.27000000000004,40.52999999999997,1,1,1.0
127,7,837.92,220.38,77.57000000000005,56.53000000000003,1,1,1.0
128,2,209.82,249.68,94.37,47.339999999999975,1,1,1.0
128,4,133.46,310.85,357.80999999999995,197.45999999999998,1,1,1.0
128,5,122.42,297.74,102.73,37.75999999999999,1,1,1.0
128,6,367.53,270.3,110.87,41.69999999999999,1,1,1.0
128,7,832.01,220.84,79.44000000000005,56.67999999999998,1,1,1.0
129,2,209.82,249.68,94.37,47.389999999999986,1,1,1.0
129,4,117.82,312.6,359.78000000000003,201.47000000000003,1,1,1.0
129,5,96.62,298.26,109.44999999999999,40.110000000000014,1,1,1.0
129,6,351.32,271.1,113.28000000000003,42.50999999999999,1,1,1.0
129,7,826.1,221.3,81.29999999999995,56.839999999999975,1,1,1.0
130,2,209.82,249.68,94.37,47.43000000000001,1,1,1.0
130,4,59.81,315.69,404.71,208.2,1,1,1.0
130,5,70.82,298.78,116.17000000000002,42.450000000000045,1,1,1.0
130,6,335.11,271.9,115.69,43.32000000000005,1,1,1.0
130,7,820.33,221.83,82.9799999999999,56.84,1,1,1.0
131,2,209.82,249.68,94.37,47.46999999999997,1,1,1.0
131,4,1.8,318.78,449.63,214.92000000000007,1,1,1.0
131,5,45.02,299.3,122.88999999999999,44.80000000000001,1,1,1.0
131,6,318.91,272.7,118.08999999999997,44.120000000000005,1,1,1.0
131,7,814.57,222.37,84.65999999999997,56.829999999999984,1,1,1.0
132,2,209.82,249.68,94.37,47.51999999999998,1,1,1.0
132,4,78.57,321.88,359.78000000000003,188.62,1,1,1.0
132,5,122.42,304.9,32.77999999999999,30.600000000000023,1,1,1.0
132,6,302.7,273.5,120.5,44.93000000000001,1,1,1.0
132,7,808.8,222.9,86.34000000000003,56.83000000000001,1,1,1.0
133,2,209.82,249.68,94.37,47.56,1,1,1.0
133,4,0.0,325.7,421.2,214.3,1,1,1.0
133,5,8.05,298.5,127.75000000000001,50.69,1,1,1.0
133,6,287.73,274.14,120.5,44.920000000000016,1,1,1.0
133,7,802.75,223.54,86.34000000000003,56.83000000000001,1,1,1.0
134,2,209.82,249.68,94.37,47.599999999999966,1,1,1.0
134,4,0.0,328.57,402.1,211.43,1,1,1.0
134,5,4.03,300.75,112.32,52.089999999999975,1,1,1.0
134,6,272.77,274.77,120.5,44.93000000000001,1,1,1.0
134,7,796.7,224.17,86.33999999999992,56.84,1,1,1.0
135,2,209.82,249.68,94.37,47.64999999999998,1,1,1.0
135,4,0.0,331.44,383.0,208.56,1,1,1.0
135,5,0.0,303.0,96.9,53.5,1,1,1.0
135,6,257.8,275.41,120.5,44.92999999999995,1,1,1.0
135,7,790.65,224.81,86.34000000000003,56.829999999999984,1,1,1.0
136,2,209.82,249.68,94.37,47.69,1,1,1.0
136,4,0.0,334.31,363.9,205.69,1,1,1.0
136,5,0.0,302.67,81.93,53.829999999999984,1,1,1.0
136,6,242.51,278.28,120.5,44.920000000000016,1,1,1.0
136,7,782.44,225.0,88.04999999999995,56.839999999999975,1,1,1.0
137,2,209.82,249.68,94.37,47.74000000000001,1,1,1.0
137,4,0.0,337.19,344.8,202.81,1,1,1.0
137,5,0.0,302.33,66.97,54.170000000000016,1,1,1.0
137,6,227.47,278.52,120.50000000000003,44.920000000000016,1,1,1.0
137,7,774.23,225.19,89.76999999999998,56.839999999999975,1,1,1.0
138,2,209.82,249.68,94.37,47.77999999999997,1,1,1.0
138,4,0.0,340.06,325.7,199.94,1,1,1.0
138,5,0.0,302.0,52.0,54.5,1,1,1.0
138,6,212.42,278.75,120.50000000000003,44.93000000000001,1,1,1.0
138,7,766.02,225.38,91.48000000000002,56.84000000000003,1,1,1.0
138,8,713.65,505.86,130.88,34.139999999999986,1,1,1.0
139,2,209.82,249.68,94.37,47.81999999999999,1,1,1.0
139,4,0.0,342.93,306.6,197.07,1,1,1.0
139,5,0.0,302.0,51.04,54.5,1,1,1.0
139,6,197.37,278.99,120.5,44.93000000000001,1,1,1.0
139,7,757.81,225.57,93.19000000000005,56.84000000000003,1,1,1.0
139,8,717.47,501.58,134.68999999999994,38.420000000000016,1,1,1.0
140,2,209.82,249.68,94.37,47.870000000000005,1,1,1.0
140,4,0.0,345.8,287.5,194.2,1,1,1.0
140,6,182.33,279.23,120.49999999999997,44.93000000000001,1,1,1.0
140,7,749.6,225.77,94.90999999999997,56.83000000000001,1,1,1.0
140,8,721.29,497.3,138.51,42.69999999999999,1,1,1.0
141,2,209.82,249.68,94.37,47.90999999999997,1,1,1.0
141,4,0.0,350.1,265.05,189.89999999999998,1,1,1.0
141,6,163.46,280.43,122.53,45.879999999999995,1,1,1.0
141,7,741.84,225.64,96.57999999999993,58.389999999999986,1,1,1.0
141,8,731.55,491.33,136.85000000000002,47.829999999999984,1,1,1.0
142,2,209.82,249.68,94.37,47.94999999999999,1,1,1.0
142,4,0.0,354.4,242.6,185.60000000000002,1,1,1.0
142,6,144.59,281.62,124.55999999999997,46.839999999999975,1,1,1.0
142,7,734.08,225.52,98.25,59.95000000000002,1,1,1.0
142,8,741.82,485.35,135.17999999999995,52.98000000000002,1,1,1.0
143,2,209.82,249.68,94.37,48.0,1,1,1.0
143,4,0.0,358.7,220.15,181.3,1,1,1.0
143,6,125.73,282.82,126.58,47.79000000000002,1,1,1.0
143,7,726.31,225.4,99.93000000000006,61.49999999999997,1,1,1.0
143,8,752.08,479.38,133.51,58.110000000000014,1,1,1.0
144,2,209.82,249.68,94.37,48.04000000000002,1,1,1.0
144,4,0.0,363.0,197.7,177.0,1,1,1.0
144,6,106.86,284.02,128.61,48.74000000000001,1,1,1.0
144,7,718.55,225.28,101.60000000000002,63.04999999999998,1,1,1.0
144,8,762.34,473.4,131.85000000000002,63.25,1,1,1.0
145,2,209.82,249.68,94.37,48.079999999999984,1,1,1.0
145,4,0.0,367.3,175.25,172.7,1,1,1.0
145,6,88.0,285.21,130.64,49.700000000000045,1,1,1.0
145,7,710.79,225.16,103.26999999999998,64.60999999999999,1,1,1.0
145,8,772.61,467.43,130.17999999999995,68.37999999999994,1,1,1.0
146,2,209.82,249.68,94.37,48.129999999999995,1,1,1.0
146,4,0.0,371.6,152.8,168.39999999999998,1,1,1.0
146,6,69.13,286.41,132.67000000000002,50.64999999999998,1,1,1.0
146,7,703.03,225.04,104.95000000000005,66.16,1,1,1.0
146,8,782.87,461.45,128.51999999999998,73.53000000000003,1,1,1.0
147,2,209.82,249.68,94.37,48.170000000000016,1,1,1.0
147,4,0.0,375.9,130.35,164.10000000000002,1,1,1.0
147,6,50.27,287.6,134.69,51.60999999999996,1,1,1.0
147,7,695.27,224.92,106.62,67.71000000000001,1,1,1.0
147,8,793.14,455.48,126.85000000000002,78.65999999999997,1,1,1.0
148,2,209.82,249.68,94.37,48.20999999999998,1,1,1.0
148,4,0.0,380.2,107.9,159.8,1,1,1.0
148,6,31.4,288.8,136.72,52.56,1,1,1.0
148,7,687.5,224.8,108.29999999999995,69.25999999999999,1,1,1.0
148,8,803.4,449.5,125.18000000000006,83.79999999999995,1,1,1.0
149,2,209.82,249.68,94.37,48.25999999999999,1,1,1.0
149,4,0.0,380.2,80.65,159.8,1,1,1.0
149,6,15.7,292.62,135.70000000000002,52.56,1,1,1.0
149,7,676.99,226.23,108.29999999999995,69.27000000000001,1,1,1.0
149,8,807.22,446.16,125.18999999999994,83.80000000000001,1,1,1.0
150,2,209.82,249.68,94.37,48.30000000000001,1,1,1.0
150,4,0.0,380.2,53.4,159.8,1,1,1.0
150,6,0.0,296.44,134.68,52.56,1,1,1.0
150,7,666.49,227.67,108.28999999999996,69.26000000000002,1,1,1.0
150,8,811.04,442.81,125.19000000000005,83.80000000000001,1,1,1.0
151,2,209.82,249.68,94.37,48.349999999999966,1,1,1.0
151,6,0.0,297.4,118.07,52.55000000000001,1,1,1.0
151,7,657.89,228.43,108.28999999999996,69.26999999999998,1,1,1.0
151,8,821.73,438.04,119.25,83.80000000000001,1,1,1.0
152,2,209.82,249.68,94.37,48.389999999999986,1,1,1.0
152,6,0.0,298.35,101.45,52.56,1,1,1.0
152,7,649.29,229.2,108.30000000000007,69.25999999999999,1,1,1.0
152,8,832.43,433.26,113.31000000000006,83.79999999999995,1,1,1.0
153,2,209.82,249.68,94.37,48.43000000000001,1,1,1.0
153,6,0.0,299.31,84.83,52.56,1,1,1.0
153,7,640.69,229.96,108.29999999999995,69.26000000000002,1,1,1.0
153,8,843.12,428.48,107.37,83.79999999999995,1,1,1.0
154,2,209.82,249.68,94.37,48.48000000000002,1,1,1.0
154,6,0.0,300.27,68.22,52.55000000000001,1,1,1.0
154,7,632.09,230.72,108.29999999999995,69.27000000000001,1,1,1.0
154,8,853.81,423.71,101.44000000000005,83.80000000000001,1,1,1.0
155,2,209.82,249.68,94.37,48.51999999999998,1,1,1.0
155,6,0.0,301.22,51.6,52.559999999999945,1,1,1.0
155,7,623.5,231.49,108.28999999999996,69.25999999999999,1,1,1.0
155,8,864.5,418.93,95.5,83.80000000000001,1,1,1.0
156,2,209.82,249.68,93.63,48.51999999999998,1,1,1.0
156,6,0.0,301.22,31.5,52.559999999999945,1,1,1.0
156,7,612.03,234.35,108.30000000000007,69.27000000000001,1,1,1.0
156,8,870.12,416.06,89.88,82.85000000000002,1,1,1.0
157,2,209.82,249.68,92.88,48.51999999999998,1,1,1.0
157,7,601.88,234.71,110.09000000000003,69.27000000000001,1,1,1.0
157,8,875.74,413.19,84.25999999999999,81.89999999999998,1,1,1.0
158,2,209.82,249.68,92.13999999999999,48.51999999999998,1,1,1.0
158,7,591.73,235.07,111.88999999999999,69.26999999999998,1,1,1.0
158,8,881.37,410.32,78.63,80.94,1,1,1.0
159,2,209.82,249.68,91.40000000000003,48.51999999999998,1,1,1.0
159,7,581.58,235.43,113.68999999999994,69.25999999999999,1,1,1.0
159,8,886.99,407.45,73.00999999999999,79.99000000000001,1,1,1.0
160,2,209.82,249.68,90.66000000000003,48.51999999999998,1,1,1.0
160,7,571.43,235.79,115.48000000000002,69.26000000000002,1,1,1.0
160,8,892.61,404.58,67.38999999999999,79.04000000000002,1,1,1.0
161,2,209.82,249.68,89.92000000000002,48.51999999999998,1,1,1.0
161,7,561.28,236.15,117.27999999999997,69.26000000000002,1,1,1.0
161,8,898.23,401.71,61.76999999999998,78.09000000000003,1,1,1.0
162,2,209.82,249.68,89.18,48.51999999999998,1,1,1.0
162,7,551.13,236.5,119.08000000000004,69.26999999999998,1,1,1.0
162,8,903.86,398.84,56.139999999999986,77.14000000000004,1,1,1.0
163,2,209.82,249.68,88.44,48.51999999999998,1,1,1.0
163,7,540.98,236.86,120.87,69.26999999999998,1,1,1.0
163,8,909.48,395.97,50.51999999999998,76.19,1,1,1.0
164,2,209.82,249.68,87.69,48.51999999999998,1,1,1.0
164,7,530.83,237.22,122.66999999999996,69.27000000000001,1,1,1.0
164,8,915.1,393.1,44.89999999999998,75.23999999999995,1,1,1.0
165,2,209.82,249.68,86.94999999999999,48.51999999999998,1,1,1.0
165,7,519.36,237.22,122.67999999999995,69.27000000000001,1,1,1.0
165,8,920.35,388.8,39.64999999999998,75.24000000000001,1,1,1.0
166,2,209.82,249.68,86.20999999999998,48.51999999999998,1,1,1.0
166,7,507.9,237.22,122.67000000000007,69.27000000000001,1,1,1.0
166,8,925.61,384.5,34.389999999999986,75.24000000000001,1,1,1.0
167,2,209.82,249.68,85.47000000000003,48.51999999999998,1,1,1.0
167,7,496.43,237.22,122.68,69.27000000000001,1,1,1.0
167,8,930.86,380.2,29.139999999999986,75.24000000000001,1,1,1.0
168,2,209.82,249.68,84.73000000000002,48.51999999999998,1,1,1.0
168,7,484.97,237.22,122.66999999999996,69.27000000000001,1,1,1.0
168,8,936.12,375.9,23.879999999999995,75.24000000000001,1,1,1.0
169,2,209.82,249.68,83.99000000000001,48.51999999999998,1,1,1.0
169,7,473.81,237.22,124.28000000000003,69.27000000000001,1,1,1.0
169,8,936.12,375.9,23.879999999999995,75.24000000000001,1,1,1.0
170,2,209.82,249.68,83.24000000000001,48.51999999999998,1,1,1.0
170,7,462.66,237.22,125.87999999999994,69.27000000000001,1,1,1.0
170,8,936.12,375.9,23.879999999999995,75.24000000000001,1,1,1.0
171,2,209.82,249.68,82.5,48.51999999999998,1,1,1.0
171,7,451.5,237.22,127.48000000000002,69.27000000000001,1,1,1.0
172,2,209.82,249.68,81.75999999999999,48.51999999999998,1,1,1.0
172,7,439.68,237.58,128.79000000000002,70.81999999999996,1,1,1.0
173,2,209.82,249.68,81.01999999999998,48.51999999999998,1,1,1.0
173,7,427.85,237.94,130.12,72.37,1,1,1.0
174,2,209.82,249.68,80.28000000000003,48.51999999999998,1,1,1.0
174,7,416.03,238.3,131.43000000000006,73.93,1,1,1.0
175,2,209.82,249.68,79.54000000000002,48.51999999999998,1,1,1.0
175,7,404.2,238.65,132.75000000000006,75.48999999999998,1,1,1.0
176,2,209.82,249.68,78.80000000000001,48.51999999999998,1,1,1.0
176,7,392.38,239.01,134.06000000000006,77.05000000000001,1,1,1.0
177,2,209.82,249.68,78.05000000000001,48.51999999999998,1,1,1.0
177,7,380.55,239.37,135.37999999999994,78.60000000000002,1,1,1.0
178,2,209.82,249.68,77.31,48.51999999999998,1,1,1.0
178,7,368.73,239.73,136.69,80.16,1,1,1.0
179,2,209.82,249.68,76.57,48.51999999999998,1,1,1.0
179,7,356.9,240.09,138.01000000000005,81.71000000000001,1,1,1.0
180,2,209.82,249.68,75.82999999999998,48.51999999999998,1,1,1.0
180,7,346.12,240.22,138.01,81.72,1,1,1.0
181,2,209.82,249.68,75.09000000000003,48.51999999999998,1,1,1.0
181,7,335.34,240.36,138.01000000000005,81.70999999999998,1,1,1.0
182,2,209.82,249.68,74.35000000000002,48.51999999999998,1,1,1.0
182,7,324.55,240.5,138.01999999999998,81.70999999999998,1,1,1.0
183,2,209.82,249.68,73.60000000000002,48.51999999999998,1,1,1.0
183,7,313.77,240.63,138.02000000000004,81.72000000000003,1,1,1.0
184,2,209.82,249.68,72.86000000000001,48.51999999999998,1,1,1.0
184,7,302.99,240.77,138.01999999999998,81.71000000000001,1,1,1.0
185,2,209.82,249.68,72.12,48.51999999999998,1,1,1.0
185,7,292.21,240.91,138.01000000000005,81.71000000000001,1,1,1.0
186,2,209.82,249.68,71.38,48.51999999999998,1,1,1.0
186,7,281.43,241.04,138.01,81.72,1,1,1.0
187,2,209.82,249.68,60.20999999999998,48.51999999999998,1,1,1.0
187,7,269.72,242.24,139.69,81.70999999999998,1,1,1.0
188,2,209.82,249.68,49.03000000000003,48.51999999999998,1,1,1.0
188,7,258.02,243.43,141.36,81.70999999999998,1,1,1.0
189,2,209.82,249.68,37.860000000000014,48.51999999999998,1,1,1.0
189,7,246.32,244.62,143.03000000000003,81.71999999999997,1,1,1.0
190,2,209.82,249.68,26.680000000000007,48.51999999999998,1,1,1.0
190,7,234.62,245.82,144.7,81.70999999999998,1,1,1.0
